Avg. objective: 170784643.0
Best solution (calls): [  0   0   0   0   0   0   0   0   0   0   0   0   0   0   0   0   0   0
   0   0   0   0   0   0   0   0   0   0   0   0   0   0   0   0   0   0
   0   0   0   0   0   0   0   0   0   0   0   0   0   0   0   0   0   0
   0   0   0   0   0   0   0   0   0   0   0   0   0   0   0   0   0   0
   0   0   0   0   0   0   0   0   0   0   0   0   0   0   0   0   0   0
   1   2   3   4   5   6   7   8   9  10  11  12  13  14  15  16  17  18
  19  20  21  22  23  24  25  26  27  28  29  30  31  32  33  34  35  36
  37  38  39  40  41  42  43  44  45  46  47  48  49  50  51  52  53  54
  55  56  57  58  59  60  61  62  63  64  65  66  67  68  69  70  71  72
  73  74  75  76  77  78  79  80  81  82  83  84  85  86  87  88  89  90
  91  92  93  94  95  96  97  98  99 100 101 102 103 104 105 106 107 108
 109 110 111 112 113 114 115 116 117 118 119 120 121 122 123 124 125 126
 127 128 129 130 131 132 133 134 135 136 137 138 139 140 141 142 143 144
 145 146 147 148 149 150 151 152 153 154 155 156 157 158 159 160 161 162
 163 164 165 166 167 168 169 170 171 172 173 174 175 176 177 178 179 180
 181 182 183 184 185 186 187 188 189 190 191 192 193 194 195 196 197 198
 199 200 201 202 203 204 205 206 207 208 209 210 211 212 213 214 215 216
 217 218 219 220 221 222 223 224 225 226 227 228 229 230 231 232 233 234
 235 236 237 238 239 240 241 242 243 244 245 246 247 248 249 250 251 252
 253 254 255 256 257 258 259 260 261 262 263 264 265 266 267 268 269 270
 271 272 273 274 275 276 277 278 279 280 281 282 283 284 285 286 287 288
 289 290 291 292 293 294 295 296 297 298 299 300   1   2   3   4   5   6
   7   8   9  10  11  12  13  14  15  16  17  18  19  20  21  22  23  24
  25  26  27  28  29  30  31  32  33  34  35  36  37  38  39  40  41  42
  43  44  45  46  47  48  49  50  51  52  53  54  55  56  57  58  59  60
  61  62  63  64  65  66  67  68  69  70  71  72  73  74  75  76  77  78
  79  80  81  82  83  84  85  86  87  88  89  90  91  92  93  94  95  96
  97  98  99 100 101 102 103 104 105 106 107 108 109 110 111 112 113 114
 115 116 117 118 119 120 121 122 123 124 125 126 127 128 129 130 131 132
 133 134 135 136 137 138 139 140 141 142 143 144 145 146 147 148 149 150
 151 152 153 154 155 156 157 158 159 160 161 162 163 164 165 166 167 168
 169 170 171 172 173 174 175 176 177 178 179 180 181 182 183 184 185 186
 187 188 189 190 191 192 193 194 195 196 197 198 199 200 201 202 203 204
 205 206 207 208 209 210 211 212 213 214 215 216 217 218 219 220 221 222
 223 224 225 226 227 228 229 230 231 232 233 234 235 236 237 238 239 240
 241 242 243 244 245 246 247 248 249 250 251 252 253 254 255 256 257 258
 259 260 261 262 263 264 265 266 267 268 269 270 271 272 273 274 275 276
 277 278 279 280 281 282 283 284 285 286 287 288 289 290 291 292 293 294
 295 296 297 298 299 300]
Improvement: 0.0%
Runtime: 59.866342306137085

local_search Results:
------------------
Seed: 5
Average objective: 85594553.50
Best solution objective: 82388285.00
Best solution (calls): 61, 291, 61, 163, 291, 163, 0, 112, 112, 0, 215, 74, 74, 215, 3, 3, 0, 77, 90, 77, 90, 0, 54, 54, 283, 283, 0, 136, 136, 0, 11, 11, 0, 231, 231, 0, 32, 32, 0, 26, 26, 63, 289, 289, 63, 0, 286, 62, 62, 286, 34, 34, 0, 269, 269, 80, 80, 0, 125, 125, 12, 12, 0, 287, 287, 292, 292, 0, 198, 198, 0, 114, 109, 240, 109, 240, 114, 0, 279, 279, 0, 213, 209, 209, 213, 0, 288, 72, 288, 72, 0, 176, 219, 176, 219, 0, 152, 152, 110, 110, 258, 258, 0, 259, 259, 0, 246, 246, 42, 42, 0, 68, 155, 155, 224, 68, 40, 40, 224, 0, 263, 210, 263, 210, 0, 271, 200, 200, 271, 187, 187, 0, 131, 131, 73, 55, 55, 73, 0, 201, 201, 139, 139, 0, 225, 203, 225, 122, 122, 203, 0, 91, 91, 196, 196, 0, 25, 25, 145, 145, 0, 126, 297, 126, 297, 0, 218, 218, 290, 290, 97, 97, 0, 10, 118, 10, 118, 0, 119, 119, 16, 16, 0, 39, 300, 39, 70, 300, 70, 0, 49, 49, 151, 220, 81, 151, 81, 220, 8, 8, 0, 103, 103, 28, 53, 28, 53, 0, 147, 147, 113, 113, 0, 205, 205, 186, 18, 18, 186, 0, 222, 222, 229, 229, 0, 99, 101, 99, 101, 20, 20, 0, 181, 275, 275, 181, 0, 92, 92, 189, 148, 189, 148, 0, 43, 43, 227, 14, 227, 14, 0, 183, 183, 44, 44, 153, 153, 0, 59, 59, 262, 117, 140, 117, 0, 167, 167, 21, 262, 140, 21, 0, 233, 233, 251, 251, 0, 280, 207, 79, 207, 79, 280, 0, 241, 212, 127, 241, 127, 212, 0, 88, 88, 56, 130, 56, 130, 0, 278, 171, 278, 268, 294, 268, 294, 171, 0, 19, 19, 51, 84, 84, 51, 0, 108, 284, 284, 108, 0, 1, 30, 30, 184, 1, 237, 0, 94, 237, 94, 184, 0, 257, 257, 52, 52, 0, 254, 261, 261, 129, 254, 129, 0, 66, 66, 89, 104, 89, 104, 161, 161, 0, 249, 64, 249, 64, 0, 37, 221, 199, 37, 221, 199, 0, 57, 295, 57, 160, 295, 160, 0, 175, 175, 107, 107, 106, 106, 0, 133, 133, 137, 137, 0, 123, 250, 250, 123, 46, 120, 46, 120, 0, 245, 245, 0, 157, 115, 157, 115, 0, 270, 253, 253, 270, 0, 128, 128, 0, 185, 154, 185, 102, 154, 102, 0, 244, 144, 144, 244, 27, 226, 226, 27, 0, 255, 5, 255, 5, 0, 168, 164, 164, 168, 0, 256, 58, 256, 58, 0, 277, 277, 75, 75, 0, 165, 173, 165, 173, 0, 65, 65, 0, 178, 69, 178, 69, 0, 232, 235, 232, 235, 60, 60, 0, 195, 195, 177, 177, 0, 214, 143, 143, 45, 45, 214, 0, 67, 274, 194, 67, 274, 194, 0, 188, 111, 188, 236, 111, 236, 0, 260, 260, 0, 23, 228, 23, 132, 228, 132, 0, 98, 98, 50, 298, 17, 17, 50, 298, 0, 149, 149, 192, 192, 100, 100, 0, 7, 141, 7, 252, 252, 141, 0, 230, 230, 202, 202, 0, 2, 4, 6, 9, 13, 15, 22, 24, 29, 31, 33, 35, 36, 38, 41, 47, 48, 71, 76, 78, 82, 83, 85, 86, 87, 93, 95, 96, 105, 116, 121, 124, 134, 135, 138, 142, 146, 150, 156, 158, 159, 162, 166, 169, 170, 172, 174, 179, 180, 182, 190, 191, 193, 197, 204, 206, 208, 211, 216, 217, 223, 234, 238, 239, 242, 243, 247, 248, 264, 265, 266, 267, 272, 273, 276, 281, 282, 285, 293, 296, 299, 2, 4, 6, 9, 13, 15, 22, 24, 29, 31, 33, 35, 36, 38, 41, 47, 48, 71, 76, 78, 82, 83, 85, 86, 87, 93, 95, 96, 105, 116, 121, 124, 134, 135, 138, 142, 146, 150, 156, 158, 159, 162, 166, 169, 170, 172, 174, 179, 180, 182, 190, 191, 193, 197, 204, 206, 208, 211, 216, 217, 223, 234, 238, 239, 242, 243, 247, 248, 264, 265, 266, 267, 272, 273, 276, 281, 282, 285, 293, 296, 299
Improvement from initial: 51.76%
Runtime (seconds): 75.53
------------------

simulated_annealing Results:
------------------
Seed: 5
Average objective: 85359513.50
Best solution objective: 82267664.00
Best solution (calls): 61, 291, 61, 291, 0, 112, 112, 0, 219, 14, 219, 14, 0, 77, 90, 77, 90, 0, 54, 54, 165, 165, 283, 283, 0, 136, 136, 0, 94, 94, 11, 11, 0, 231, 231, 0, 155, 155, 121, 121, 0, 25, 25, 26, 26, 0, 286, 62, 62, 286, 34, 34, 0, 269, 269, 80, 80, 0, 125, 125, 12, 12, 0, 287, 287, 292, 292, 0, 131, 131, 182, 297, 182, 297, 0, 114, 109, 240, 109, 240, 114, 17, 17, 0, 279, 279, 0, 213, 209, 209, 213, 0, 288, 72, 288, 72, 0, 176, 176, 0, 110, 110, 258, 258, 298, 298, 0, 259, 259, 0, 246, 246, 42, 73, 73, 42, 0, 68, 224, 68, 40, 40, 224, 0, 164, 164, 32, 32, 0, 271, 200, 200, 271, 187, 187, 0, 49, 49, 173, 173, 55, 55, 0, 201, 201, 139, 139, 0, 225, 203, 225, 122, 122, 203, 0, 45, 45, 0, 263, 210, 263, 210, 100, 100, 0, 147, 147, 198, 198, 0, 218, 218, 290, 290, 97, 97, 0, 10, 118, 10, 118, 0, 119, 119, 16, 16, 0, 254, 300, 227, 300, 157, 157, 227, 254, 0, 185, 9, 9, 185, 8, 8, 0, 103, 103, 28, 53, 28, 53, 0, 152, 152, 237, 237, 113, 113, 0, 205, 205, 186, 18, 18, 186, 0, 15, 15, 229, 229, 0, 35, 35, 20, 20, 0, 181, 81, 275, 81, 275, 181, 0, 189, 148, 189, 148, 0, 43, 43, 0, 183, 183, 44, 44, 153, 153, 0, 59, 59, 262, 117, 140, 117, 0, 167, 167, 21, 262, 140, 21, 0, 233, 233, 220, 220, 251, 251, 0, 280, 207, 207, 280, 0, 241, 212, 127, 241, 127, 212, 0, 88, 88, 56, 130, 56, 130, 0, 278, 171, 278, 268, 294, 268, 294, 171, 0, 19, 19, 51, 84, 84, 51, 0, 222, 222, 70, 196, 70, 50, 196, 50, 0, 30, 63, 63, 101, 30, 101, 0, 91, 184, 184, 91, 0, 257, 257, 52, 52, 0, 126, 126, 129, 129, 0, 66, 66, 89, 104, 89, 104, 161, 161, 0, 249, 64, 249, 64, 0, 37, 221, 199, 37, 221, 199, 0, 57, 295, 57, 160, 295, 160, 0, 175, 175, 107, 107, 106, 106, 0, 133, 133, 137, 137, 0, 123, 250, 250, 123, 46, 120, 46, 120, 0, 245, 245, 0, 188, 188, 151, 151, 115, 115, 0, 270, 253, 253, 270, 0, 74, 293, 74, 163, 293, 163, 0, 92, 92, 154, 289, 289, 102, 154, 102, 0, 244, 144, 144, 244, 27, 226, 226, 27, 0, 255, 5, 255, 5, 0, 168, 168, 0, 256, 58, 256, 58, 0, 193, 284, 193, 124, 284, 124, 0, 277, 277, 75, 79, 79, 75, 0, 38, 38, 0, 178, 69, 178, 69, 0, 232, 235, 232, 235, 60, 60, 0, 1, 195, 1, 195, 177, 177, 0, 214, 108, 108, 214, 0, 67, 274, 194, 67, 274, 194, 0, 180, 111, 180, 236, 111, 236, 0, 260, 260, 0, 23, 228, 23, 132, 228, 132, 0, 242, 98, 98, 242, 22, 22, 0, 149, 149, 192, 192, 0, 7, 141, 7, 252, 252, 141, 0, 230, 230, 202, 202, 0, 2, 3, 4, 6, 13, 24, 29, 31, 33, 36, 39, 41, 47, 48, 65, 71, 76, 78, 82, 83, 85, 86, 87, 93, 95, 96, 99, 105, 116, 128, 134, 135, 138, 142, 143, 145, 146, 150, 156, 158, 159, 162, 166, 169, 170, 172, 174, 179, 190, 191, 197, 204, 206, 208, 211, 215, 216, 217, 223, 234, 238, 239, 243, 247, 248, 261, 264, 265, 266, 267, 272, 273, 276, 281, 282, 285, 296, 299, 2, 3, 4, 6, 13, 24, 29, 31, 33, 36, 39, 41, 47, 48, 65, 71, 76, 78, 82, 83, 85, 86, 87, 93, 95, 96, 99, 105, 116, 128, 134, 135, 138, 142, 143, 145, 146, 150, 156, 158, 159, 162, 166, 169, 170, 172, 174, 179, 190, 191, 197, 204, 206, 208, 211, 215, 216, 217, 223, 234, 238, 239, 243, 247, 248, 261, 264, 265, 266, 267, 272, 273, 276, 281, 282, 285, 296, 299
Improvement from initial: 51.83%
Runtime (seconds): 78.41
------------------
