Avg. objective: 76627567.0
Best solution (calls): [  0   0   0   0   0   0   0   0   0   0   0   0   0   0   0   0   0   0
   0   0   0   0   0   0   0   0   0   0   0   0   0   0   0   0   0   0
   0   0   0   0   1   2   3   4   5   6   7   8   9  10  11  12  13  14
  15  16  17  18  19  20  21  22  23  24  25  26  27  28  29  30  31  32
  33  34  35  36  37  38  39  40  41  42  43  44  45  46  47  48  49  50
  51  52  53  54  55  56  57  58  59  60  61  62  63  64  65  66  67  68
  69  70  71  72  73  74  75  76  77  78  79  80  81  82  83  84  85  86
  87  88  89  90  91  92  93  94  95  96  97  98  99 100 101 102 103 104
 105 106 107 108 109 110 111 112 113 114 115 116 117 118 119 120 121 122
 123 124 125 126 127 128 129 130   1   2   3   4   5   6   7   8   9  10
  11  12  13  14  15  16  17  18  19  20  21  22  23  24  25  26  27  28
  29  30  31  32  33  34  35  36  37  38  39  40  41  42  43  44  45  46
  47  48  49  50  51  52  53  54  55  56  57  58  59  60  61  62  63  64
  65  66  67  68  69  70  71  72  73  74  75  76  77  78  79  80  81  82
  83  84  85  86  87  88  89  90  91  92  93  94  95  96  97  98  99 100
 101 102 103 104 105 106 107 108 109 110 111 112 113 114 115 116 117 118
 119 120 121 122 123 124 125 126 127 128 129 130]
Improvement: 0.0%
Runtime: 38.01997208595276

local_search Results:
------------------
Seed: 5
Average objective: 32395265.70
Best solution objective: 30907908.00
Best solution (calls): 15, 50, 15, 59, 51, 50, 51, 59, 0, 27, 27, 107, 107, 26, 26, 0, 34, 79, 34, 79, 0, 3, 3, 62, 62, 64, 64, 0, 91, 48, 48, 91, 0, 129, 129, 90, 90, 0, 23, 23, 83, 83, 0, 108, 108, 127, 127, 0, 42, 41, 41, 42, 10, 30, 10, 30, 0, 106, 69, 69, 106, 0, 103, 103, 25, 25, 12, 12, 0, 84, 84, 117, 117, 0, 80, 80, 94, 94, 0, 74, 74, 104, 104, 0, 4, 4, 110, 110, 0, 98, 98, 124, 61, 124, 70, 61, 70, 0, 114, 113, 114, 81, 113, 81, 0, 125, 65, 125, 65, 0, 95, 67, 95, 28, 67, 36, 28, 77, 36, 77, 0, 73, 55, 73, 55, 118, 118, 109, 109, 53, 53, 0, 11, 11, 112, 112, 46, 46, 0, 121, 96, 121, 96, 119, 119, 0, 93, 82, 93, 82, 0, 9, 9, 0, 66, 66, 57, 57, 0, 8, 89, 89, 8, 0, 35, 20, 35, 20, 0, 33, 33, 47, 56, 56, 47, 0, 52, 122, 122, 52, 71, 71, 0, 17, 43, 17, 43, 0, 45, 18, 45, 18, 0, 21, 32, 32, 21, 76, 76, 0, 13, 37, 13, 128, 37, 128, 0, 44, 87, 87, 44, 0, 123, 54, 123, 63, 54, 39, 63, 39, 0, 120, 120, 116, 68, 68, 116, 14, 14, 0, 58, 58, 101, 7, 7, 101, 0, 102, 102, 22, 92, 22, 92, 0, 40, 24, 24, 40, 0, 38, 38, 1, 31, 31, 1, 0, 2, 5, 6, 16, 19, 29, 49, 60, 72, 75, 78, 85, 86, 88, 97, 99, 100, 105, 111, 115, 126, 130, 2, 5, 6, 16, 19, 29, 49, 60, 72, 75, 78, 85, 86, 88, 97, 99, 100, 105, 111, 115, 126, 130
Improvement from initial: 59.66%
Runtime (seconds): 36.24
------------------

simulated_annealing Results:
------------------
Seed: 5
Average objective: 32263311.70
Best solution objective: 30456941.00
Best solution (calls): 3, 3, 121, 121, 30, 53, 30, 53, 0, 126, 73, 126, 91, 56, 56, 73, 91, 0, 16, 16, 1, 50, 63, 50, 63, 1, 0, 5, 5, 64, 64, 0, 95, 9, 95, 9, 0, 33, 33, 117, 117, 0, 10, 10, 0, 65, 7, 7, 65, 14, 14, 0, 103, 103, 120, 120, 112, 112, 0, 32, 69, 32, 69, 90, 18, 18, 90, 94, 94, 0, 74, 74, 107, 107, 101, 101, 0, 123, 123, 25, 25, 109, 51, 36, 109, 51, 36, 0, 118, 118, 104, 79, 104, 79, 0, 98, 34, 98, 61, 34, 61, 28, 28, 0, 55, 41, 41, 70, 55, 70, 0, 67, 99, 99, 67, 92, 46, 46, 92, 0, 42, 42, 11, 11, 111, 111, 0, 77, 77, 0, 129, 129, 12, 12, 0, 113, 89, 89, 113, 0, 66, 82, 82, 66, 0, 44, 2, 2, 44, 128, 128, 0, 13, 13, 0, 106, 21, 21, 106, 78, 78, 57, 57, 0, 88, 88, 83, 48, 48, 83, 0, 114, 58, 114, 58, 122, 24, 122, 24, 0, 4, 4, 26, 26, 39, 39, 0, 49, 102, 49, 29, 102, 29, 0, 108, 125, 108, 125, 127, 127, 0, 81, 0, 62, 62, 40, 81, 40, 0, 100, 100, 0, 80, 23, 80, 23, 0, 68, 110, 110, 68, 0, 86, 86, 22, 37, 22, 71, 37, 71, 0, 130, 130, 59, 59, 35, 20, 35, 20, 0, 54, 54, 47, 47, 76, 76, 0, 75, 17, 17, 75, 0, 96, 97, 96, 97, 0, 93, 93, 45, 45, 0, 6, 8, 15, 19, 27, 31, 38, 43, 52, 60, 72, 84, 85, 87, 105, 115, 116, 119, 124, 6, 8, 15, 19, 27, 31, 38, 43, 52, 60, 72, 84, 85, 87, 105, 115, 116, 119, 124
Improvement from initial: 60.25%
Runtime (seconds): 35.66
------------------
