Avg. objective: 46770347.0
Best solution (calls): [ 0  0  0  0  0  0  0  0  0  0  0  0  0  0  0  0  0  0  0  0  1  2  3  4
  5  6  7  8  9 10 11 12 13 14 15 16 17 18 19 20 21 22 23 24 25 26 27 28
 29 30 31 32 33 34 35 36 37 38 39 40 41 42 43 44 45 46 47 48 49 50 51 52
 53 54 55 56 57 58 59 60 61 62 63 64 65 66 67 68 69 70 71 72 73 74 75 76
 77 78 79 80  1  2  3  4  5  6  7  8  9 10 11 12 13 14 15 16 17 18 19 20
 21 22 23 24 25 26 27 28 29 30 31 32 33 34 35 36 37 38 39 40 41 42 43 44
 45 46 47 48 49 50 51 52 53 54 55 56 57 58 59 60 61 62 63 64 65 66 67 68
 69 70 71 72 73 74 75 76 77 78 79 80]
Improvement: 0.0%
Runtime: 20.009705305099487


local_search Results:
------------------
Seed: 5
Average objective: 17321508.30
Best solution objective: 16108166.00
Best solution (calls): [32, 51, 51, 32, 77, 77, 0, 60, 63, 60, 63, 17, 58, 58, 17, 0, 8, 8, 12, 12, 0, 30, 59, 30, 69, 59, 27, 27, 69, 0, 61, 67, 42, 67, 42, 3, 61, 3, 0, 22, 68, 22, 68, 20, 20, 80, 80, 10, 10, 0, 70, 40, 40, 45, 70, 45, 0, 39, 39, 49, 49, 72, 72, 0, 25, 25, 35, 55, 35, 55, 0, 53, 1, 53, 29, 1, 29, 65, 73, 65, 73, 0, 11, 11, 62, 62, 33, 33, 0, 4, 4, 71, 71, 16, 16, 50, 50, 56, 14, 56, 14, 0, 41, 23, 41, 23, 34, 34, 7, 7, 0, 43, 44, 43, 44, 6, 6, 0, 66, 66, 75, 0, 57, 57, 46, 75, 46, 0, 54, 21, 21, 54, 52, 52, 0, 38, 38, 79, 48, 79, 48, 24, 24, 0, 13, 13, 37, 31, 36, 37, 31, 36, 0, 76, 76, 5, 5, 2, 2, 0, 9, 15, 18, 19, 26, 28, 47, 64, 74, 78, 9, 15, 18, 19, 26, 28, 47, 64, 74, 78]
Improvement from initial: 62.96%
Runtime (seconds): 24.09
Feasible solutions found: 3378
Infeasibility causes and counts: {'Capacity exceeded': 59391000.0, 'Time window exceeded at call 1': 6114000.0, 'Time window exceeded at call 2': 10286000.0, 'Time window exceeded at call 3': 5723000.0, 'incompatible vessel and cargo': 2205000.0, 'Time window exceeded at call 4': 5114000.0, 'Time window exceeded at call 5': 2889000.0, 'Time window exceeded at call 6': 2623000.0, 'Time window exceeded at call 7': 1056000.0, 'Time window exceeded at call 10': 155000.0, 'Time window exceeded at call 8': 791000.0, 'Time window exceeded at call 12': 15000.0, 'Time window exceeded at call 9': 232000.0, 'Time window exceeded at call 11': 26000.0, 'Time window exceeded at call 13': 3000.0}
Time of experiment: 2025-02-19 14:43:50
------------------
Seed: 5
Average objective: 19615087.20
Best solution objective: 17177137.00
Best solution (calls): 51, 9, 69, 9, 51, 69, 56, 56, 0, 32, 41, 41, 79, 32, 79, 33, 33, 0, 54, 54, 49, 49, 27, 73, 27, 73, 0, 22, 22, 46, 46, 7, 7, 0, 62, 62, 77, 77, 0, 63, 40, 63, 40, 20, 20, 16, 16, 0, 25, 25, 61, 61, 50, 14, 50, 14, 0, 72, 10, 72, 10, 0, 53, 70, 68, 34, 70, 53, 34, 67, 12, 68, 67, 12, 0, 21, 37, 21, 37, 0, 1, 35, 44, 1, 44, 5, 5, 35, 0, 11, 11, 26, 26, 0, 38, 38, 74, 74, 31, 36, 36, 31, 6, 6, 0, 76, 76, 52, 52, 0, 57, 57, 3, 3, 24, 24, 0, 4, 23, 4, 59, 23, 55, 55, 28, 28, 59, 0, 15, 15, 47, 47, 0, 18, 29, 18, 65, 29, 65, 2, 2, 0, 45, 45, 48, 17, 58, 17, 48, 58, 0, 60, 60, 71, 42, 71, 80, 42, 80, 0, 8, 13, 19, 30, 39, 43, 64, 66, 75, 78, 8, 13, 19, 30, 39, 43, 64, 66, 75, 78
Improvement from initial: 63.27%
Runtime (seconds): 18.84
------------------


simulated_annealing Results:
------------------
Seed: 5
Average objective: 16863675.50
Best solution objective: 15370162.00
Best solution (calls): [1, 68, 34, 1, 34, 68, 27, 27, 0, 54, 44, 54, 44, 58, 58, 0, 61, 35, 12, 35, 12, 61, 0, 64, 64, 42, 42, 50, 14, 14, 50, 0, 74, 74, 37, 3, 36, 3, 36, 37, 0, 60, 60, 49, 49, 56, 56, 0, 32, 70, 32, 69, 70, 48, 69, 48, 0, 22, 22, 26, 26, 73, 73, 10, 10, 0, 25, 25, 51, 77, 51, 77, 0, 53, 63, 40, 53, 9, 9, 40, 63, 0, 41, 41, 11, 11, 71, 71, 5, 5, 72, 72, 0, 23, 55, 23, 46, 46, 55, 28, 28, 16, 16, 0, 21, 59, 79, 59, 21, 79, 24, 24, 0, 62, 62, 2, 2, 0, 8, 8, 78, 17, 78, 17, 47, 47, 6, 6, 0, 43, 43, 0, 30, 30, 29, 45, 29, 65, 45, 65, 33, 33, 52, 52, 0, 57, 57, 31, 31, 0, 13, 67, 67, 13, 75, 75, 0, 76, 76, 7, 7, 0, 4, 15, 18, 19, 20, 38, 39, 66, 80, 4, 15, 18, 19, 20, 38, 39, 66, 80]
Improvement from initial: 63.94%
Runtime (seconds): 24.57
Feasible solutions found: 1
Infeasibility causes and counts: {}
Time of experiment: 2025-02-19 14:47:56
------------------
Seed: 5
Average objective: 19973919.80
Best solution objective: 18641455.00
Best solution (calls): 41, 9, 41, 59, 9, 59, 0, 22, 22, 80, 80, 14, 14, 0, 18, 63, 18, 63, 5, 5, 0, 70, 23, 23, 61, 42, 70, 61, 42, 0, 67, 28, 67, 28, 0, 62, 35, 62, 55, 35, 55, 0, 15, 15, 64, 64, 72, 10, 72, 10, 0, 20, 20, 36, 50, 50, 36, 0, 51, 45, 51, 45, 65, 69, 17, 17, 69, 65, 0, 44, 49, 44, 49, 0, 34, 46, 34, 12, 12, 7, 7, 46, 0, 4, 4, 26, 37, 37, 26, 56, 56, 0, 38, 79, 38, 58, 79, 58, 24, 24, 0, 57, 57, 16, 16, 6, 6, 0, 13, 13, 3, 3, 0, 32, 29, 29, 32, 33, 33, 0, 53, 76, 53, 76, 2, 2, 0, 11, 68, 74, 11, 19, 48, 68, 73, 48, 19, 0, 39, 39, 31, 74, 73, 31, 0, 40, 40, 77, 27, 27, 77, 52, 52, 0, 1, 8, 21, 25, 30, 43, 47, 54, 60, 66, 71, 75, 78, 1, 8, 21, 25, 30, 43, 47, 54, 60, 66, 71, 75, 78
Improvement from initial: 60.14%
Runtime (seconds): 19.30
------------------
