Avg. objective: 18387821.0
Best solution (calls): [ 0  0  0  0  0  0  0  1  2  3  4  5  6  7  8  9 10 11 12 13 14 15 16 17
 18 19 20 21 22 23 24 25 26 27 28 29 30 31 32 33 34 35  1  2  3  4  5  6
  7  8  9 10 11 12 13 14 15 16 17 18 19 20 21 22 23 24 25 26 27 28 29 30
 31 32 33 34 35]
Improvement: 0.0%
Runtime: 7.0779478549957275

local_search Results:
------------------
Seed: 5
Average objective: 8414274.70
Best solution objective: 6730479.00
Best solution (calls): 4, 4, 3, 3, 28, 28, 0, 23, 30, 23, 7, 7, 30, 22, 22, 32, 32, 0, 9, 9, 24, 24, 13, 13, 26, 26, 0, 15, 34, 15, 34, 35, 35, 21, 21, 25, 25, 31, 31, 0, 14, 19, 17, 19, 14, 17, 2, 29, 2, 29, 0, 16, 11, 16, 1, 11, 27, 27, 5, 1, 5, 20, 20, 0, 12, 12, 10, 10, 0, 6, 8, 18, 33, 6, 8, 18, 33
Improvement from initial: 63.40%
Runtime (seconds): 7.03
------------------

simulated_annealing Results:
------------------
Seed: 5
Average objective: 8151105.40
Best solution objective: 7257183.00
Best solution (calls): 16, 16, 3, 3, 28, 28, 29, 29, 0, 9, 14, 14, 9, 27, 27, 22, 22, 25, 25, 0, 12, 35, 17, 17, 35, 21, 12, 21, 20, 20, 0, 4, 4, 6, 6, 33, 33, 2, 2, 31, 31, 0, 8, 30, 8, 30, 26, 32, 32, 26, 0, 23, 11, 23, 1, 7, 7, 11, 18, 5, 1, 18, 5, 0, 10, 10, 0, 13, 15, 19, 24, 34, 13, 15, 19, 24, 34
Improvement from initial: 60.53%
Runtime (seconds): 7.21
------------------
